Se eu me clonar e fazer meu clone chupar pau, é gay? Todos esses avanços científicos fizeram pensar.
Eu acho que clones humanos serão possíveis num futuro bem próximo.
Dito isso, preciso preparar para clonagem perguntar as coisas complicadas agora não perder tempo depois.
quero experimentar de cara. sou gay.
Sério, nada gay. Então, mesmo.
clonar, ia querer mesmas quero?
ele chupe certamente chupasse o dele também.
E considerando pau dele, isso significa meu, certo?
É um dilema difícil. Como ficaria isso? Estou pensando da maneira errada? também vi vezes tem tendencias violentas.
deveria preocupar com tentando arrancar uma mordida?
Ele certeza vai perceber proposito vida dar prazer a boca dele.
se ver como criador mau? começar falar por ai gay?
0 1 2 3 4 5 6 7 8 6 9 10 11 12 13 14 15 2 16 17 18 19 20 21 22 23 24 25 26 27 28 29 30 1 31 2 32 33 34 4 35 36 37 38 39 33 40 41 42 43 18 44 2 3 4 45 46 47 18 40 48 49 50 40 48 51 52 53 3 1 54 0 1 2 55 6 7 40 56 57 36 58 37 20 1 59 0 1 44 20 60 61 6 9 62 60 56 57 20 1 63 64 65 66 67 68 20 1 40 44 8 64 69 70 71 72 20 60 40 56 57 8 64 73 74 75 76 77 27 78 79 80 81 82 83 84 85 86 18 40 48 49 50 40 48 51 52 18 87 88 20 36 89 21 90 91 92 18 93 2 94 95 64 6 7 96 97 6 69 95 98 99 100 95 101 102 103 20 104 84 105 65 10 2 106 107 95 108 109 110 67 111 60 2 112 113 76 114 115 67 111 60 116 108 117 118 119 20 1 48 120 18 40 48 52 50 40 48 51 49 0 1 2 3 4 5 6 7 8 6 9 10 11 12 13 14 15 2 16 17 18 19 20 21 22 23 24 25 26 27 28 29 30 1 31 2 32 33 34 4 35 36 37 38 39 33 40 41 42 43 18 44 2 3 4 45 46 47 18 40 48 49 50 40 48 51 52 53 3 1 54 0 1 2 55 6 7 40 56 57 36 58 37 20 1 59 0 1 44 20 60 61 6 9 62 60 56 57 20 1 63 64 65 66 67 68 20 1 40 44 8 64 69 70 71 72 20 60 40 56 57 8 64 73 74 75 76 77 27 78 79 80 81 82 83 84 85 86 18 40 48 49 50 40 48 51 52 18 87 88 20 36 89 21 90 91 92 18 93 2 94 95 64 6 7 96 97 6 69 95 98 99 100 95 101 102 103 20 104 84 105 65 10 2 106 107 95 108 109 110 67 111 60 2 112 113 76 114 115 67 111 60 116 108 117 118 119 20 1 48 120 18 40 48 52 50 40 48 51 49 0 1 2 3 4 5 6 7 8 6 9 10 11 12 13 14 15 2 16 17 18 19 20 21 22 23 24 25 26 27 28 29 30 1 31 2 32 33 34 4 35 36 37 38 39 33 40 41 42 43 18 44 2 3 4 45 46 47 18 40 48 49 50 40 48 51 52 53 3 1 54 0 1 2 55 6 7 40 56 57 36 58 37 20 1 59 0 1 44 20 60 61 6 9 62 60 56 57 20 1 63 64 65 66 67 68 20 1 40 44 8 64 69 70 71 72 20 60 40 56 57 8 64 73 74 75 76 77 27 78 79 80 81 82 83 84 85 86 18 40 48 49 50 40 48 51 52 18 87 88 20 36 89 21 90 91 92 18 93 2 94 95 64 6 7 96 97 6 69 95 98 99 100 95 101 102 103 20 104 84 105 65 10 2 106 107 95 108 109 110 67 111 60 2 112 113 76 114 115 67 111 60 116 108 117 118 119 20 1 48 120 18 40 48 52 50 40 48 51 52